7695
8504
8161
7940
197
9776
8584
303
7
5010
4258
1587
8518
5860
8529
2943
7126
7983
9280
869
8817
7372
7744
41
7020
8538
8945
5953
787
4453
7491
7702
3162
3160
5275
4449
1269
6038
2080
5667
9411
7753
4017
3822
3464
3365
1186
2395
6336
4933
2023
5264
5434
2467
1386
9949
3511
2091
3738
9783
7143
1256
5116
6956
247
4992
3891
3627
436
9313
5579
3458
5650
842
3194
2521
3131
2941
3330
5554
322
8487
5392
7838
3770
7395
8277
6068
2931
688
6484
9635
1678
4692
4401
7163
4265
8555
5923
4069
5018
4275
1766
7153
5112
7022
9811
7691
7776
8848
3062
7361
4311
8912
8693
7396
4489
4793
1889
8721
2207
9184
8883
9198
3234
1105
9728
8668
859
7002
6818
3510
320
3701
8856
3218
5810
4057
5822
9803
9744
5179
2116
5518
1601
6844
100
3826
7147
2027
1233
7230
3135
7273
6710
6633
7941
2683
673
80
4747
6130
3676
956
3626
1424
7106
175
5343
2665
1821
294
9563
4302
4493
9608
1689
2915
8619
6363
4734
2035
770
6718
5404
3894
8507
5436
5342
9971
9007
958
3812
2517
1368
811
4349
5279
6510
4083
7758
6007
3219
6382
9998
6249
8678
7264
2405
4141
7809
6255
935
5875
5167
8010
8102
2703
3564
2061
6319
5974
5630
9599
3396
8108
9515
3867
6617
6802
721
1483
8109
5359
5940
5130
8961
9947
2281
2756
4457
8835
4479
1646
4778
1143
8607
3392
6311
5837
5553
8896
1572
9072
315
9433
9911
3806
2837
5563
8999
5335
444
5841
8557
8559
9712
7386
7803
6772
9674
5775
3887
6214
254
1710
6381
1480
580
5917
3950
111
3057
2957
9344
9624
9562
128
9176
1202
9630
2718
6869
4997
9614
3045
8044
5931
7522
4158
6733
4431
1485
8740
2115
762
676
1352
9526
6424
3761
7462
4010
2801
6783
655
892
9720
5859
3951
5444
4652
7368
6670
588
7881
2445
9510
1669
4246
87
3198
4303
4508
6964
8070
1855
1755
9154
963
4895
7078
1687
8550
8778
907
3938
9259
4886
2400
8462
2398
6728
386
33
589
7793
9234
1536
3759
6283
8864
445
4515
8432
4774
58
5185
5967
4229
2268
3840
4903
5478
2289
6355
4086
8013
5176
5598
6595
3662
6417
4073
1346
367
639
2746
5426
7860
5289
9931
4460
6074
571
6388
2331
6955
6487
141
8656
8531
8930
9709
7483
2686
4484
9681
4550
2385
9596
8905
6506
8150
5053
1281
3364
1370
6482
664
7092
3471
4241
8219
8563
7927
8040
327
9978
6569
167
4744
9829
6702
5246
9163
3222
1625
2227
18
7612
9692
8165
4251
6714
7338
1657
9936
9751
1965
1799
7379
7871
3102
8019
2011
7984
9810
5621
