39589
75777
18086
78547
37903
85047
5053
81771
80264
80755
97544
40795
33889
67617
90089
30181
96985
38685
85790
81030
5606
12133
98334
37483
60805
90018
98691
15552
38120
87220
2953
57003
47264
28854
39807
41797
85868
99004
21655
50401
57479
78170
5002
8600
34069
72225
27181
55036
53156
12735
61014
94385
96708
84537
49351
88085
61493
24171
35124
90737
94124
76862
5867
49244
10785
18163
25899
16087
29479
13035
37523
52771
75460
85200
31321
78540
93230
71913
253
29050
24419
39680
37425
84484
32308
55280
32346
28819
63905
72173
11279
81110
36918
19958
79105
27999
67500
45424
22862
27135
1553
86136
99309
90260
19008
32744
46331
66886
69316
78403
72359
5670
81507
84304
28183
15658
6086
1198
24933
55343
74932
62676
56308
36232
88895
4229
97619
17670
17222
7649
31572
4729
55314
49776
45716
42456
52368
75995
69736
92845
36462
50529
59552
61817
70371
67187
92024
26901
58759
8970
17423
69819
40207
41719
63412
3228
22535
2987
24114
98796
95673
21948
2949
14148
54483
19615
18452
25104
43114
7308
44818
43636
22364
57803
65054
28788
58430
95174
37954
63971
72378
32150
37286
91489
50311
17886
67042
58379
51303
70899
45925
48130
1446
51074
50196
86793
65354
18457
2876
11106
83666
53083
76929
34949
40474
89391
62470
79894
45101
65069
38155
28484
50142
29582
21808
39985
73974
59527
40032
46895
5926
73646
59075
16978
33813
45748
85699
51556
38566
3306
42404
32039
73616
9043
24004
29709
94394
59804
12691
39234
19148
86078
92322
78447
1376
42076
92062
76438
64030
64250
43953
97041
3825
89906
99011
85132
38288
17978
86063
99176
40252
31240
26169
84138
64076
5240
50056
19128
77570
45385
58418
8989
98341
64799
84270
82318
23409
50385
29434
37885
4669
67428
22242
35338
42187
62178
72097
11313
9607
12873
21272
89903
97961
31087
75870
9400
38714
20263
67518
14990
64849
59517
6628
95592
33944
44869
91392
30301
93026
9077
24106
32187
78611
6542
13905
24782
88535
31580
89148
74268
95267
19503
27167
12567
19396
7700
3488
88711
11148
76181
71844
49286
32124
23712
67878
23113
8061
15215
95503
52091
45370
37867
87967
50826
32524
84260
45987
47302
15178
36705
62097
44886
9745
12466
42697
88537
90291
25276
46336
89888
64418
56447
23769
69777
84481
93148
8849
68734
99502
7426
37112
79976
41857
45863
32257
22562
60153
14638
58987
96885
7492
16697
11688
4002
43478
84942
96224
98578
42740
91941
8579
18421
79343
15259
81424
42049
60272
70086
72747
52973
11948
80321
30101
19940
24120
58145
91928
42126
39291
28149
43370
47216
74488
15551
90350
7587
99202
56912
63225
2244
30781
53508
24265
67680
97513
79404
48462
948
2535
27659
32746
33390
43532
13985
12119
81368
39247
49729
93970
50005
19158
50474
82329
51240
96136
48032
4502
3052
94338
91698
63473
16272
50970
10906
37656
57927
19051
8325
75524
97541
65923
10399
38024
51304
7955
83452
23129
68857
66780
93966
42072
61055
53202
12206
11087
68469
35216
63167
75631
48611
74653
49403
21771
90102
89987
79767
73853
92157
47742
89952
6407
20909
2314
21933
68176
50678
58118
59200
35740
3572
52057
55924
69948
73107
89882
99500
27995
19590
600
73154
57539
58167
30049
57014
39280
31513
9767
68039
38280
29053
57176
75553
65545
90599
65924
57000
52133
57017
88313
13275
99560
71770
88851
59805
86839
20290
96582
26553
2153
455
80634
36430
93248
47714
41721
35979
76306
77954
62212
88144
26057
24635
73516
90278
906
52547
65788
91237
7067
59785
95039
10179
29169
91642
65341
70967
76284
35417
81604
69392
84152
87634
53336
41458
48401
2956
81524
6603
12902
33430
64648
85273
30331
33875
66271
79934
50686
26219
5158
33296
70190
27170
15004
35625
30779
59655
7146
17510
94867
2349
50481
98227
41801
76306
77294
3326
89536
58499
451
80449
32058
51420
4602
96011
82158
79217
17871
260
33882
67401
4807
21059
43545
83761
38312
4993
45340
32332
64740
17299
11456
24432
35392
554
96218
14532
41001
32679
49647
45953
78302
25491
56981
17305
12678
44467
89248
87701
3879
3160
98203
33597
94282
14920
54826
52313
7673
49460
42728
64697
86320
24886
78690
76060
18244
33167
86532
45538
62458
56813
17388
3559
90522
49006
99657
83390
66527
66912
4717
33130
25787
24329
4876
13973
41393
67782
85107
572
29826
55857
38026
29379
80066
80757
46497
15251
91580
30324
58760
18036
27770
98864
66277
93676
58290
23423
64881
46359
91464
9414
44118
40764
68755
41855
75960
76828
60897
79996
28895
50142
85391
63175
19752
78644
69275
73738
83746
92000
63298
77947
96409
68539
58046
80153
54811
33985
9691
31412
93737
95088
11390
48937
80875
41888
56297
33946
34473
50075
6182
89487
60629
23567
47406
9720
54733
18557
81267
13568
18093
25370
50301
12734
2261
93538
69876
12208
67680
2753
78116
12433
96219
69799
74813
96268
1668
27474
97980
28416
67294
98025
3776
20719
90406
67474
73165
32958
37123
22501
11911
71292
86625
18834
8834
49849
75893
39581
78548
74020
44518
87252
18731
49022
90889
53976
65502
11567
2364
22865
833
67948
40979
36598
69451
67205
53462
14700
13833
86084
46392
20813
25056
2214
56605
34400
94814
11325
33176
47765
40289
61772
93037
42431
12302
28281
14168
38665
39699
40958
33045
35991
17539
11896
15798
1942
54125
39996
31732
32468
54210
42639
5084
20259
47239
15879
36859
10166
2942
99075
22081
88183
46787
229
71129
2921
23989
29206
84721
26636
95054
13286
47624
79969
60325
73185
96907
57163
10544
90201
66577
87632
79717
29307
70568
69698
23942
86032
23078
35095
89730
47336
11349
53979
42787
44084
32592
64721
83056
60201
95139
34869
84800
86781
56895
60563
14038
91229
98376
283
89972
4494
6523
43577
69409
457
91292
91163
4834
46617
26682
3183
47689
75511
3908
88978
74067
98113
65193
70467
30599
62372
39996
4057
5465
19497
69921
13131
313
68959
52013
13130
78598
96081
4098
54775
49190
75833
21027
46118
44012
97422
10435
87406
83464
73934
79137
86031
38252
76197
83903
42902
65170
40213
37604
84326
52395
94454
51656
95547
99246
47674
2292
59876
71119
93155
26709
85862
17100
10294
7227
70677
26851
27277
46218
68786
97460
62456
32913
90782
74247
40392
54489
54327
69521
28625
31542
64393
91671
16512
3740
14538
58442
28144
57647
49257
20816
66862
97510
69579
56402
28007
83588
37354
96660
24387
28585
30937
28506
40413
79794
28341
65492
44963
36276
43280
145
29176
1863
20004
8002
86439
38066
93133
4439
66814
92334
61516
59740
34363
981
97070
96630
90623
15547
36510
12155
59003
92152
80945
95937
46791
77879
85256
96723
43568
32259
68567
4029
34060
87198
41382
93482
13438
2808
90334
53049
33172
16973
86873
80428
59044
35085
70850
67589
12311
98752
10263
74688
86292
75
54421
26317
33169
58074
2008
40038
76334
68851
76461
77900
44527
29430
47
10554
37947
95089
22623
75206
23127
94815
70277
9111
43305
87688
70377
89610
55795
37492
39763
46198
11898
12552
23900
53774
16176
5181
26931
24440
63013
35524
6455
53471
90728
92582
16561
70113
24911
21112
41452
98128
57849
28202
83965
64793
64851
66308
48676
32314
24077
51039
46595
39493
43833
59482
61380
66960
63736
64252
5221
4902
21459
72992
15324
41194
95988
41029
18029
13027
93859
61036
56421
59466
3227
98002
86029
87100
37600
46985
44419
12586
54631
24923
58403
89195
42507
68168
19908
32150
15339
38468
42406
81960
51822
70645
672
69630
90627
15916
21931
66446
60932
21397
20687
68324
42397
43678
46594
1651
4648
45849
87327
53517
95796
85893
92987
50223
18802
75382
91450
29906
24175
7724
83379
60969
45986
64700
12995
48101
98011
11132
58070
85200
1993
65212
17048
51399
17122
82568
78455
30589
2657
88352
41781
21821
12668
7240
33169
56943
75840
53650
39853
33479
67039
16326
36353
1819
89567
87116
81509
10927
49999
95070
9268
8069
4402
6434
71904
96968
37841
38081
63789
80646
43661
50136
65982
10733
46287
31964
51288
31410
59965
81999
15990
90449
46273
4610
39471
3555
12074
44608
49076
40377
63092
97328
25022
40360
94596
65748
4119
62089
51259
17193
26558
91231
48544
99114
34057
31471
30260
12153
32133
7433
96176
58609
66778
97199
89735
39039
50779
8189
96297
52466
58478
85545
84090
14975
82838
46515
99259
40714
98357
91774
52715
88833
30146
74815
12946
34326
18229
43696
56479
48894
77153
72972
77756
77868
730
71085
71541
15568
87865
80548
3297
66907
83760
71182
93118
2178
68163
90039
35551
2728
48332
63997
11850
87108
36410
11460
98486
28309
88033
37058
1155
91736
43912
99478
93964
36243
63353
61548
17006
79578
51105
6445
18855
80853
27194
4989
91213
79755
89505
9748
91622
47286
21175
17695
85288
29520
37228
96183
37547
83541
15610
30073
63651
74027
78473
41998
73603
15739
27607
44716
11840
90291
74140
72467
4331
43213
34345
89478
52164
45959
69565
35026
90547
59593
81968
98160
38453
8850
28092
35570
90230
42339
40683
32458
61918
70999
36417
63380
40086
88044
76630
96118
28061
94832
96987
45838
43222
86898
79514
99143
61451
34392
62390
89901
73098
15823
91888
20161
79866
82207
21332
93021
35551
4556
75014
41595
95928
67783
81473
43608
94726
45061
84162
89002
32274
58844
79189
3060
44462
90374
93601
87323
56662
85311
13323
1003
63479
47251
67703
6323
33737
86883
43311
11083
6094
17935
23412
19935
30482
47141
61532
12673
38192
40514
36694
92628
13784
97451
84158
75541
20647
37069
28406
32668
36859
89377
10422
44220
34075
39305
11053
4877
11365
51202
6594
77438
18141
24487
94967
13977
53138
86902
65529
8564
84298
54093
11845
21592
84482
42835
28741
90395
48404
41392
90754
34171
71357
40082
12821
77917
91577
46920
10032
80157
35686
94570
90100
52242
81453
78550
50876
2703
71141
48844
99935
13507
97669
82236
7667
65609
55164
67900
33756
32886
5823
58396
28935
2085
51264
49255
61036
52664
79821
24034
83056
20369
69688
82151
97559
25634
51933
722
27357
45809
54822
43680
40497
35433
98453
70564
70830
66113
68587
21483
66440
43340
11736
20317
55479
92100
33932
61996
98844
45964
10068
13982
88756
90612
19269
11800
74256
21890
31852
59319
88992
45955
29540
81428
29535
84224
40434
88746
44115
75335
97452
88406
55980
47011
62392
58842
24752
80017
7033
65591
46167
94575
74505
26922
99126
19567
53905
13453
97516
96828
5046
13388
87530
95837
16481
61863
29152
98186
69979
50331
25189
6443
15465
95350
17963
86693
14905
25293
68063
27500
35779
16660
21049
22029
42560
60994
22777
97919
83257
73641
92803
44369
51000
43727
44122
19856
23693
22270
48010
99792
80191
30729
19317
63569
85591
31874
15488
22774
99794
85651
76358
47253
83881
97791
64505
77426
68381
31780
11081
1744
44478
96057
64477
90471
82301
1432
58530
43862
83199
30496
79227
34517
51257
39561
44941
4637
70089
21530
59046
39911
99166
94838
16717
76757
4908
60766
80154
32196
37677
19917
27237
49667
63003
11235
25253
18098
67333
84083
84152
36676
26486
83115
47596
21204
65508
33899
58246
978
29108
51611
69109
52419
450
44792
1728
29969
73462
78497
6125
95717
91164
82109
26113
35775
76514
84274
91881
28965
35546
80269
64203
85576
88618
60062
94217
22422
77342
4034
62784
60145
60895
31018
12393
25984
61693
6910
6942
79992
89294
32293
9507
21795
30619
46621
62107
79194
55674
80700
89123
50782
1380
9523
65202
63652
14073
7507
85630
28048
47910
61329
62254
88688
14962
70620
54803
27449
19170
6931
8172
91016
24364
34275
60677
56998
61952
43060
17947
79992
50436
86654
41717
64111
72616
60800
61824
39051
86318
61160
81093
57659
21017
44341
92937
32850
63144
25821
16489
49735
81393
62778
48943
65824
13574
87239
54927
80707
88959
40703
94870
64953
99422
31200
82154
41119
69979
61848
41637
85263
26854
68938
63577
59997
52825
27601
31146
66114
30479
53354
99104
71066
27802
16557
80997
81273
57189
21869
11896
79292
59379
22907
95151
20953
30491
68120
20241
44563
97484
26944
74492
60456
63856
8805
90049
17478
51954
62291
31685
62630
95562
20334
43439
72172
63513
50271
10782
6176
85465
26679
79048
81854
91506
48948
38416
42394
2200
46260
54423
51646
69293
21985
297
96398
41522
46860
82216
45474
77480
87242
26463
93981
3103
9779
42520
56546
72919
66815
1610
85992
39355
34475
38831
65286
70653
61198
10249
81365
36045
27882
82257
90441
21651
74254
30653
80029
35118
33265
5586
92452
97432
94936
8280
2223
4637
28608
37151
71341
7564
35187
50082
81050
87221
64328
74554
88817
77222
23070
64177
97638
37635
39154
24781
64408
10715
51900
91524
97770
5041
35708
52657
77909
50044
70939
39830
43420
97071
18094
15991
69260
82470
84541
27021
47276
10511
35498
67450
96902
25144
21313
55651
27759
54848
8595
18719
10247
57169
13805
4958
27829
44753
96802
67133
55989
33183
63001
10661
48911
77831
25050
4615
11502
96431
36013
37926
92431
30634
71327
67321
88888
66979
16457
52863
89596
16911
88466
43742
15355
92412
80017
16336
84959
34664
75636
8174
32908
43060
13202
61160
13671
99268
9617
45568
87692
5727
64232
16137
35396
82802
26017
50754
38173
19677
73436
33411
10104
48131
55624
20632
20752
8439
55191
99419
83111
31924
3198
7249
90150
12538
90201
45526
86462
19605
88596
39730
12325
68585
95455
75884
65792
87770
84457
40755
30182
31635
9467
51456
88990
75613
98039
84406
78152
4541
75252
86879
43792
56501
29448
89265
31687
49450
17608
72654
75980
86566
68297
91230
83504
16539
69885
12521
57173
77663
68721
33773
69817
4728
45247
1516
40381
16931
58192
3202
30981
43088
34682
9843
1640
44805
11566
70856
80658
29064
27285
32358
46394
97736
22279
26742
91837
94571
31244
11452
53585
66275
48499
5495
19386
98798
43011
96009
90760
62856
42434
22430
22948
24043
5236
38602
74251
41824
75668
62792
49617
6921
50494
88298
81994
61188
94174
85740
7028
95036
86810
52334
32175
56880
22541
42115
64797
17040
69562
87873
24512
64502
55048
2057
8412
17564
36347
68225
8413
26232
74104
13574
21180
81890
12889
97234
33916
44782
27741
79765
18359
20688
7178
59502
93159
32321
91710
90858
75458
56910
70154
2687
27859
38586
83217
45866
33216
55868
75355
18018
9683
9401
18474
83958
19916
24976
70830
30851
67085
99225
15094
63885
59538
11312
92168
37760
11582
86781
36065
13898
25609
84536
93207
54047
59578
92332
87282
85690
35970
53027
49053
22342
33247
84964
57838
66878
27090
35219
47101
21436
13270
88821
71419
84604
75644
21137
4550
32812
75523
26799
67802
60143
64186
89326
69516
35760
36025
32020
68897
44747
56310
54175
69881
70246
99842
68454
92263
33424
40105
76161
43717
86320
32158
71086
70203
68698
88585
71777
99622
74138
76600
97186
35643
43130
15609
31045
91863
77688
42756
74863
29366
32981
99978
54241
48279
66890
60678
87841
61181
79793
74181
79973
77402
20960
16017
32636
59810
9013
83623
29832
28035
18229
25336
2853
43070
42182
72642
3537
84138
7584
67926
48628
1120
58696
24078
348
27180
11296
25845
97268
42751
85144
46904
63111
69027
44003
74752
16996
55067
48949
53066
20540
5913
32435
26019
51248
92350
94114
36604
61259
36999
19784
39793
44656
30843
2232
96972
24199
21482
93990
5400
83455
55552
44248
2782
51240
93564
65851
91311
78525
8783
98937
70828
3719
5879
74742
53757
73179
96807
33688
29440
45182
56638
80048
27767
3258
73670
83885
91095
60096
19363
80363
33345
52707
74327
6634
69258
61858
5017
92855
82397
95341
47291
97222
41680
87789
35624
32962
1074
43887
21856
20802
68562
72211
1758
86038
55261
15159
95061
3606
38883
30275
95898
40136
1949
89211
6492
40501
39862
53443
64486
92917
14319
63385
42851
37731
71996
18266
50448
96341
80775
63667
76770
28324
59930
6952
66705
9514
93503
84571
34884
36342
26536
19315
16209
92250
60040
47276
21870
2503
28465
68061
58954
75486
36108
12736
15636
64403
57325
29991
4869
17143
66873
4365
58302
74498
84151
21814
53846
92007
68154
96662
28730
83526
49707
92409
53223
51839
7207
3386
7092
95609
50842
89767
41674
44433
14639
54305
14553
94332
85615
43986
85862
14009
95080
93921
20046
29906
38635
93282
78553
52184
73992
56151
69056
23353
27257
12624
62533
60918
64965
60818
42923
12137
79431
62281
9840
83161
57682
16015
63682
26259
9812
84510
46696
97876
15878
12684
72858
99571
34772
44445
62033
77649
16242
86393
66800
66536
9547
10559
70547
34105
67352
15671
76782
4170
34172
32876
69133
72307
53375
39603
40504
16988
82863
68675
72926
62645
81268
61687
25418
47219
76263
79830
5478
9316
6177
4328
92611
96564
68175
46467
14263
39728
74116
6790
73168
62444
52895
13763
26022
72621
44018
67478
61207
34735
52580
23999
10070
11088
99425
99593
37765
88793
30481
71254
66183
11407
72705
90964
15299
22551
95156
97805
82949
4523
50052
61659
80221
11466
14576
47958
93925
21753
17773
2315
57704
24601
75247
48935
44490
29001
15265
58389
4602
67599
89079
58201
19013
38541
27356
81785
57619
8653
95071
74033
39668
34046
87477
30118
26368
44099
36104
46357
13968
11920
90593
22313
96308
85363
14955
74849
28439
9981
8194
57867
32111
46539
55012
47807
52514
96896
81871
23316
7100
60155
71916
21081
65088
82830
64389
19517
49255
7484
20678
23064
61004
29239
47715
69059
43962
68794
98599
33579
42075
96043
71046
33194
65302
64511
97684
17721
46491
64206
1867
36883
74561
520
73510
84071
97046
53468
19510
73915
53236
18972
24622
77498
40710
49742
84706
73418
1621
99668
28436
66715
76178
54462
41224
70345
56532
86438
26441
64671
60027
98301
84936
13908
17821
430
1384
34619
80269
33086
91047
96985
46331
48135
25091
83337
73456
81131
91037
11142
10246
51087
16782
28563
13449
66069
45511
78068
77590
15990
5020
10149
24431
82824
14181
48013
17986
15158
13248
90731
32434
26811
82990
6697
37021
38594
75795
8027
73731
52729
17144
93305
44844
23479
56741
71722
61674
5655
40430
32900
67881
6154
93586
9190
83294
73230
8696
51663
4752
43432
89645
56602
47515
47347
30414
36576
47312
82194
38716
38383
68828
12607
41093
71392
74112
53696
67755
64984
65932
61752
74601
53129
68467
35699
6742
84456
99823
3978
63050
75472
95399
30386
98757
35233
28784
32033
57971
69499
2905
7865
8235
35294
67707
76663
90885
27661
5588
13246
66175
16951
3864
28356
59327
37037
71027
73117
40014
89861
17918
15769
82040
90846
29464
62535
99934
52320
91459
94142
90015
1116
99795
34554
21706
302
71492
43064
88829
63121
66615
42687
19290
93215
38329
55387
68275
66456
84675
92315
2764
61543
42087
66706
77947
91061
17349
97575
17777
18192
461
85309
67080
18258
54442
69943
63591
273
20923
69795
68810
9755
93701
35185
83043
48821
4636
85104
26521
75886
75645
98629
50481
72366
19348
49522
41361
19339
10729
30027
6601
61768
73418
9261
45883
93472
18038
94336
33111
44460
49306
92053
3964
78250
85473
64769
47877
2339
50253
80682
75982
18931
99817
25945
11663
96047
8059
74784
9694
69680
36949
50361
42665
58492
26819
56986
40214
81193
38993
79090
31283
22051
32250
91143
26192
84489
19667
65592
53343
91269
20681
77246
48897
19670
80958
18798
81357
62415
19247
83955
536
4102
43967
16773
71532
31021
30318
47147
82903
35582
96162
74556
40678
64677
69788
42349
52650
89319
77435
89487
58828
85631
41450
84887
31673
66224
40297
20979
24533
64303
70250
34284
33553
60329
80355
17149
12188
34719
36586
79895
26643
60365
4808
39425
16319
76801
8690
26314
28433
75893
18407
349
46993
67882
12326
38187
91844
7728
34017
99690
83903
60100
91477
21627
61671
96420
31240
24696
93737
92813
8558
43150
87369
37661
17366
14342
31223
14336
14496
16384
67014
21546
17916
47703
29988
23470
17186
43953
51907
58583
37617
27919
62048
1843
14595
69182
3900
7035
98128
74491
48385
22300
8540
80202
55661
5428
32945
6437
31400
4591
26380
82927
32883
52408
98948
77604
7117
91334
74850
8705
59462
80922
26459
61752
95092
13725
50176
40880
21959
81163
56395
4477
28857
27225
77594
9733
55695
16873
69039
30127
13283
156
77293
74910
97512
38290
26075
66707
49021
61505
74840
36991
61365
85959
5377
49665
5593
36461
32780
31946
70327
23079
47260
80682
79528
45274
87830
90268
2081
66129
26342
15634
64455
78974
57013
64557
98438
94252
38868
38826
72143
97706
77021
59401
37136
30915
18829
55865
92992
24885
87737
89443
90078
74906
18696
73747
44557
85735
82290
32084
52770
14563
68494
84145
44426
22851
63485
49978
7611
7894
31990
65123
1390
35641
72384
18211
32522
26877
61558
67322
43022
86318
10324
97240
81305
14924
95661
57107
16552
62267
24666
44469
59947
696
68651
50236
34709
84120
90177
67011
35289
41864
83417
58883
9568
41453
8186
72710
33758
73913
21624
70788
97839
73688
3818
45683
94186
26503
58772
73266
32209
2870
44426
86128
57896
92974
1466
52206
36357
71841
96614
23162
2349
28923
4419
43504
72335
91651
57128
94745
50540
76024
35284
3502
76396
45763
83676
99949
58748
48005
67361
5315
62875
56939
7811
90500
44207
93757
52051
19554
30946
50588
9017
52823
76504
56684
16786
25446
96760
2417
41391
82262
97811
44340
61694
67936
73031
87274
64619
62512
70598
53647
32039
35610
47994
65061
62104
75472
30864
90631
36213
93176
61293
36952
93434
55443
97035
90058
7714
99175
85689
10258
15482
74030
35581
37120
92018
10185
62846
42061
84760
7966
82550
85062
28252
49274
82228
69643
57785
44686
97109
56189
85855
93534
9120
18852
212
52584
67810
82726
7641
39699
47678
14259
74513
17507
76745
60546
52024
31098
70847
74358
4043
94247
57127
10078
41921
92308
10794
3447
79477
81201
72045
65481
57993
49999
81026
92542
94862
13097
16633
77646
80291
47366
55693
93367
71062
19897
50863
94025
60717
18656
33872
87203
43008
76518
29925
84566
47680
66632
29406
64759
95360
19797
96826
90916
42712
71294
47108
53038
1423
45922
95797
9885
79998
21256
78600
82506
6039
45838
71061
33666
95910
99446
81272
43991
79519
99996
36471
40383
29418
67826
47538
8391
92698
31145
43638
69098
70491
71731
84576
86130
29617
35379
16149
9192
35177
42879
8793
96974
22532
14821
23484
41820
58864
8624
8301
98075
46035
34970
15131
56946
96510
59709
42532
13145
35975
14993
65739
44042
77306
11204
34413
30386
37866
56868
43302
33461
64637
52043
20699
31489
87781
85371
80393
10967
31540
89788
97271
37817
57107
75698
60912
54963
90595
43466
66687
52272
82116
63760
83607
89453
31525
71988
9797
21254
78118
73892
87520
74966
50304
24505
24519
36491
49109
65950
45347
11540
12849
90871
73885
17678
91869
63621
42388
70754
17631
10208
22027
56429
31096
23010
24451
22000
83171
16829
37620
88912
95346
6742
50208
85536
52539
46623
51211
36061
66690
78419
87384
7487
45308
297
93173
17020
19306
58662
89572
70969
85090
67945
70872
33607
80619
53356
48134
57982
91700
32515
66930
65983
30763
518
73897
95874
91553
68104
76915
87557
10216
44697
72749
86911
81003
88234
69763
92229
25274
50609
86673
10701
98496
99802
82995
24148
45398
63366
47571
83556
7594
13908
49173
25489
93809
34577
53866
54740
20054
3807
89569
63340
95558
49949
47614
65076
32112
10670
13174
54422
54168
84812
75675
94199
55025
3486
90209
19532
37646
99449
18141
42760
98031
49605
35034
38372
25262
93020
56926
74691
78
4200
48685
11336
2317
56254
25009
52694
59432
70617
19995
10816
74761
45937
48695
55268
25621
44592
59559
46115
60190
78884
44705
49542
74771
57324
5125
1957
48209
13839
64979
59096
90955
11428
56057
18490
50796
26678
28086
66935
10529
85078
81700
11635
21332
26237
26872
38319
75085
90606
40458
73897
64238
45595
42750
38982
85165
24013
52949
87946
59330
73960
31771
31288
58946
61079
30549
96746
5792
4104
52294
29346
14493
20029
87493
83278
38622
47471
64858
72658
75734
71875
29824
10978
10563
68484
54068
98687
40529
88810
78269
4693
98298
21510
19024
96781
2016
50507
1888
39514
87194
38961
75970
65084
81695
56867
72244
92435
5927
90725
48807
13498
25652
19164
18123
53413
21273
14687
66935
55702
49830
29741
31228
13638
46324
41226
28651
8706
25192
23990
42136
39517
3502
50215
46247
88297
27058
81490
54350
80416
16840
73651
27073
97937
2642
29415
31850
85922
49204
30281
35404
64495
67391
63902
449
47020
46309
30421
46942
23845
3822
55384
7409
94636
64633
33836
36208
36311
91948
14650
88755
79457
51654
95628
4523
40167
75211
14284
12640
6077
32447
47652
85246
5945
67581
42851
81420
99877
72141
30436
37714
10329
9014
86945
49951
15403
91967
30543
77832
10283
55705
18453
36557
48033
87250
88693
37573
29534
98327
39020
95087
40612
96483
68590
74034
51619
54005
1242
69274
46320
98092
30002
71854
26106
7397
98283
33351
23769
91834
73567
49679
45135
87143
8310
48615
624
40297
19374
75903
6477
24657
29157
51397
60802
62990
66224
29592
77468
70600
43640
40448
11292
68653
39905
4119
48823
12358
59662
28215
93925
17822
8093
96420
98728
23916
70436
87924
51893
87144
34284
96294
42308
84600
72349
94206
73371
93520
2567
61473
3637
25468
87826
22086
48941
346
25266
11032
58959
17598
2397
77989
92243
46823
19026
7677
66473
68963
23456
31483
78542
49922
12692
30405
47661
84585
10492
35706
28292
32938
29845
31508
93668
95092
76425
59399
56249
40564
14567
54542
48043
60818
91457
89941
43522
40797
52256
79735
36511
6340
39540
43047
15726
97692
30626
12151
58335
51683
23875
37084
8351
97727
16289
43854
32696
47309
64127
99280
77137
57078
45605
15809
83563
36097
19959
50578
92536
94742
45566
239
65161
70097
28359
58187
10267
40124
68402
58138
66978
69749
25096
35745
72583
82432
93048
96013
61810
77348
47696
43124
141
13157
69013
97756
79027
21646
5143
33638
89864
62649
70822
78351
21452
50982
31792
52949
29357
98380
72205
56238
82831
6406
2323
96960
42997
27795
61973
62245
4033
42195
93229
80835
86181
21062
68800
10163
11611
13758
68677
4662
21486
68987
13474
38039
57947
17804
45195
97060
52118
44909
85384
14191
97619
96375
71911
29995
49516
48350
41636
34525
73349
35355
96982
69842
15411
9160
83348
21073
47931
16035
86360
78914
77572
44612
32824
15099
82361
12146
43213
64814
9196
36014
94514
36800
12166
60349
57649
9972
82242
56893
94836
7313
20735
97875
61805
67988
30811
59376
79740
18810
17380
71151
69450
9977
27006
74294
24411
55387
39750
27209
407
50087
70776
82526
84391
17290
279
28660
30502
59819
58423
34232
63875
88666
25449
15460
58697
65676
54812
73964
29549
81222
88778
93868
40046
95320
67304
84886
97339
92439
3656
6135
61571
69624
13766
96896
37394
21630
3725
62018
70145
35519
49312
17185
68557
80863
28814
38776
90592
33256
500
78750
7411
67659
78497
33365
62447
60868
41585
17174
89783
56701
28709
30885
90043
36486
61592
2773
69454
93859
76014
36285
53205
73781
26430
27685
93808
19045
13512
26997
64814
86367
97200
19294
90510
71455
358
79791
77109
47693
76131
36154
97619
59874
9833
29735
1695
60078
44227
92939
13770
57348
63432
53071
6738
36144
22196
64055
43369
16420
19072
21235
20019
56596
13977
47853
60131
69092
95773
32905
1914
16002
67462
55000
77419
12183
69241
58307
16024
83648
81074
82660
88279
61622
1095
44951
80375
38844
98539
72659
82573
63674
31800
53254
88115
23553
23214
13890
43531
67043
1601
10713
99972
4269
99548
67802
70726
59743
2087
96118
61995
83651
20223
15344
33630
15283
81067
2706
54242
49989
70569
38048
71401
84508
31592
80683
9330
74374
22739
79136
78070
18015
37145
39235
69627
62423
82557
38441
21859
77930
41161
5782
45371
53881
89070
24106
52083
88367
53351
76409
88864
98584
59958
82152
6447
35244
47260
14833
60241
4434
85588
64851
81067
94411
41580
66562
70011
16180
86946
65983
49915
99650
58606
85443
78795
78080
22202
25144
15116
73135
88436
14158
47346
51443
12919
17737
80417
40931
41612
15412
98007
70514
62348
15723
57699
87326
12899
29292
75469
93821
22786
90637
64881
43659
32631
58684
49515
1387
88874
47777
43245
78477
87055
20639
41370
29611
12318
12163
70943
41010
12169
93020
99689
99605
99567
77166
45054
52890
9597
53142
82909
71776
89820
69499
81968
33515
57974
97198
17924
53446
74054
1171
51929
49207
9382
80739
44409
93189
22305
7438
85409
69266
14141
68521
88538
56524
18284
54004
8113
71724
27644
19168
13311
24374
98372
49792
41955
19247
91750
53546
54170
27045
7712
35283
6889
58177
98380
53570
6515
45465
8145
38087
58386
6421
81184
91941
49051
71827
42338
3453
66562
42963
37491
38135
76001
53035
5347
49374
20017
36899
81308
84211
17366
21131
19301
20581
57476
27742
33767
21223
62247
68487
28115
47186
98765
3883
55576
71447
34452
90260
8051
77293
67825
56581
65749
78853
60009
80917
19687
95932
7134
74030
98541
85006
73797
64719
93923
76238
4156
77557
43314
37388
8447
47412
5531
14126
92820
77185
2411
41274
38553
92528
29231
94079
53372
28827
388
15667
92408
83159
3220
43133
13347
84687
19013
8129
63284
92090
99257
35907
99141
65246
69781
77661
14214
46167
37038
68102
6747
41096
27576
56973
42796
50449
26588
66559
77999
62712
89983
21874
58584
14188
96329
73201
2305
21548
64382
39955
25984
74830
38507
69945
98509
10583
86167
5662
51759
80032
34685
36004
97540
69394
46902
75943
15424
24912
47601
30841
14936
50085
85029
6898
855
89950
22695
68844
57658
17616
64875
87323
21179
36718
4494
40951
76265
58647
5296
63642
84818
54332
32374
56046
27895
74837
48214
79668
50876
72091
11173
71211
24734
86589
82370
94705
71150
74321
79107
60905
39495
80829
7864
68139
95832
12569
27974
62501
17378
63182
42425
78789
18233
68603
53664
56385
4202
42047
54834
16375
81421
17831
96919
61465
50384
52157
82095
85641
48105
2577
31861
90788
59409
86531
29162
53066
27031
25592
62970
51005
91518
53762
80359
24787
74154
71402
2038
59692
69275
94050
33326
74148
88089
81332
32230
73830
32788
70524
53767
17391
39420
50767
3495
98027
30611
81776
3939
71349
8863
9246
16331
70076
41523
197
15544
66527
62459
61806
61446
80191
24979
28458
55729
71889
17196
16494
27790
70533
27809
92634
74904
37325
54860
58592
69
59879
76120
80438
94681
47732
10428
6547
99923
27939
39070
19741
2619
87003
56959
67637
55376
92879
59459
98910
63204
15109
15216
72801
37935
21263
4683
58974
98993
82933
99844
2721
61135
92646
1828
8107
44055
16798
15326
84231
69956
41213
92027
51996
74921
75781
77447
99516
94514
6112
12714
91241
49745
74116
64120
66554
40727
67134
90504
7499
30506
67281
81349
83060
29833
67313
94079
38349
58994
73689
97662
92440
35996
99857
66986
21940
99002
7319
13452
97108
93764
35782
6245
98880
8839
32966
9597
23334
91528
58713
90503
28761
82163
44034
45995
76470
23630
42690
37086
48589
26846
5552
67973
31102
63500
75824
78969
982
73307
30156
21831
85371
29379
22431
46469
10100
19544
23465
42158
11804
91698
8909
72965
55938
77064
19332
44270
54571
10552
98089
13608
25245
31249
21209
9109
10154
51022
52615
8516
22882
37379
83709
64971
15501
10811
87923
60011
81254
71179
69328
4024
93914
55285
14216
59041
88427
64769
39122
37391
472
32199
19616
16993
26597
22459
39788
83285
96890
50508
40523
18300
4060
22541
5802
240
56593
20070
4786
16235
72808
52448
86559
82764
89183
39860
71490
58534
26754
99496
71587
33959
74140
796
83491
91856
82709
47815
39882
5069
47233
683
23926
16037
20910
28549
203
54627
78830
50472
31076
23735
95010
65486
13044
52255
30595
83004
38896
48625
93031
90569
92192
8203
54627
28371
93482
95374
28827
47766
93064
345
83803
76557
70628
46209
29838
16023
968
75696
32829
17697
49312
47905
13036
49613
4281
90665
85249
39421
54532
36371
43695
73710
60016
44743
89604
16294
49476
6863
80645
77636
7129
85009
42387
7460
59234
41219
26244
3365
95718
37856
77883
37938
8211
43144
51351
77812
77639
96463
11020
93395
60895
3669
80277
76065
83836
17580
74360
27027
58148
77341
42802
16807
39296
14074
35293
11327
33031
2014
19364
57891
54133
56571
12148
38798
24608
27915
88969
90648
47152
64792
32846
3719
39185
78933
75440
34631
15220
54208
29994
49542
93281
25177
68883
70982
91898
81895
85175
43289
84910
88311
7594
91705
55006
57378
16577
13398
97480
23510
25985
48715
39678
66511
35168
91723
30144
55528
51740
73240
81001
96079
83240
57071
29715
75507
34787
23342
64143
80260
73678
35883
41724
84973
2317
12078
35917
62022
12787
22058
42058
98901
28729
57716
43909
57055
35909
32249
93778
42061
81734
18136
23640
55138
5950
15762
19205
95341
49655
30130
13254
61528
96648
50984
86806
85092
3782
30731
10896
30386
94995
93465
8574
15641
81847
1392
84150
24662
98266
29422
78496
12159
20770
38216
81101
23042
49778
72006
5041
48014
2902
2791
92950
87551
7300
27441
58543
39438
29915
6556
79641
44978
62913
86883
20469
57224
87352
11745
92509
9339
35666
65829
66997
37323
80440
79183
12769
9910
48341
80836
6414
52028
29716
71071
31600
10471
27704
26020
84896
48940
13051
78145
97061
59846
23248
80215
61860
71001
98326
39808
54801
98514
56488
97934
18624
17707
33945
60794
22991
80052
78379
71185
30416
67846
80790
33973
44833
27312
97669
25915
99595
60221
55636
42189
15080
26195
41706
9891
36247
71913
74038
27555
34490
78195
87021
59411
4080
4813
82995
77652
27087
11123
94636
12213
35966
42057
21028
141
47190
83278
94855
33522
77164
15319
2076
43980
29641
27389
95045
20124
85811
25632
61352
56461
25001
70439
90044
47976
19195
71192
78039
98883
24285
65266
96515
28850
50845
79810
7942
78014
21687
65733
15425
59078
98807
47806
67645
38196
13826
46486
75466
4908
63527
32601
68935
93703
72431
29974
95472
74662
67916
23230
73364
59789
50090
1622
61537
98502
38822
85470
91225
44555
58736
3028
87355
10077
30845
98011
35704
74892
83984
76979
81924
86248
64956
23988
53817
76561
53706
24692
79247
5524
35215
68852
36317
47602
59767
80257
12671
51549
44867
93241
17195
4603
25538
8800
49248
20575
39466
63313
1752
5735
85080
16060
78335
26758
86280
52388
88690
43166
11299
2809
65643
17997
60848
33654
85194
65635
33508
33306
50338
88559
95664
22486
55002
20184
95689
22066
50580
56841
44309
69328
93357
98785
77007
60890
13776
77892
56109
60345
83453
5236
34673
51314
51234
15638
57249
88
20614
88042
71943
40620
9375
95671
79283
56887
32573
20190
60678
95203
83401
75779
71993
80925
37047
800
74976
42521
63105
83327
39509
94946
89850
98579
57435
79510
63671
47113
56958
44837
73636
41720
26218
63385
91949
15909
7513
5402
82072
50163
91827
54306
7580
86502
42178
13143
545
51592
37677
28950
85413
94119
96884
48682
74416
551
94473
2609
72135
76158
44311
66609
7093
91850
88319
53455
92776
72049
53331
50859
56044
3636
75452
88269
86536
22505
83028
91775
4916
87120
58467
27043
83646
69577
47051
94643
38779
7377
58426
12903
47890
35350
44587
43856
74255
23384
78450
60933
81730
45973
68792
96426
57714
24383
19451
60941
87998
24156
52976
67156
85562
26380
79591
50036
28122
62603
18071
12147
1367
75326
92558
98378
89799
16945
90189
31384
31049
53349
66076
17878
89894
65660
43335
14732
41264
26281
95513
7127
92428
98068
11890
51594
56253
7758
97801
34325
62901
40366
91502
68900
30230
16091
60172
52037
22279
1791
69219
41950
23147
6429
38798
23507
20886
25814
8220
10809
63752
39855
45816
72432
83197
64612
33787
24260
98957
83606
29169
76664
27148
40678
83083
7806
25496
97336
66993
95724
57008
62450
98648
41825
58223
99017
29192
14718
76495
30243
43547
92833
50841
52782
5976
84167
59781
23181
50013
57321
55857
70806
98911
83694
91741
47207
51248
90281
90515
52939
8103
80956
5264
14515
31513
87650
82340
82365
86573
60406
85834
42083
23758
20652
80136
88249
26445
36340
66479
27941
6766
49432
25285
78066
47689
97906
36580
48972
42936
54046
46965
11964
72043
67614
3450
72402
43547
77812
50010
76304
46894
26033
15150
61456
32891
33412
80427
48137
75344
39704
19997
7201
44578
18628
67529
50440
9771
93551
78084
27408
10103
819
60829
52431
97037
27211
38126
50565
52076
66676
89735
6373
22666
9874
15461
25542
16120
24309
97139
26828
23630
5800
39915
39897
24273
129
74168
30258
71800
91508
1037
11053
51134
59685
50459
54473
15686
34993
65654
97661
2532
25113
74849
86152
96630
29760
64143
51535
60511
21149
32190
34400
69232
10865
95392
35048
47252
51155
14609
29168
727
2369
5548
71848
58397
54039
88661
95919
5684
83129
20741
996
78898
56491
86929
57289
74986
68160
31971
67912
70843
57946
83808
49459
24020
25411
314
74210
96190
59155
85756
96917
1823
22442
17225
28325
68176
27051
81200
72958
12505
18863
19574
56570
90933
42587
54772
42201
60786
28213
12899
98153
91877
34680
3002
89626
50900
59551
1660
5358
31237
3120
90720
29770
6555
59518
67519
293
70865
72267
62493
12152
27595
77109
60721
84757
49690
78359
98457
35339
87741
24337
54282
29845
57974
14476
30467
87513
52110
71737
53746
66714
62384
21775
96054
90933
87194
75005
9460
81168
49744
23947
83045
36544
10696
7078
94147
62763
79712
53735
35227
69178
35880
48185
40708
60626
87449
76867
1497
38694
18835
80596
66686
30388
19981
11825
82063
36886
37265
85891
23825
9943
19611
98607
97040
52279
76972
50472
9833
24122
43117
76112
62125
24080
51471
83058
43716
95578
74592
2425
91961
20629
7485
50447
86385
21694
47567
77532
42619
34816
49218
90139
18269
27641
70322
42317
14986
25305
23813
27120
86565
27718
90052
98352
63165
70347
80281
72283
18164
16881
40486
99344
15473
90036
74017
54652
58658
72091
33927
30144
76286
6046
60807
21570
82904
1581
18638
79599
80907
44530
1023
34732
31590
19236
97862
87419
88762
45671
47165
96228
58726
47700
21000
82603
78982
31091
25989
71881
8675
19848
8410
23504
77192
91382
83065
40932
28747
31164
77405
63164
33949
6133
56212
82005
8141
79182
77658
70701
1304
8996
57470
66743
9903
39678
16003
14465
5225
84891
27196
22500
26429
91373
28850
20603
79832
21817
43498
61740
13394
21233
85413
62104
58017
41485
26719
47879
59354
19835
18850
55877
35957
91215
72512
28466
77806
90331
62853
4577
49115
12915
6949
17391
67681
27537
31303
46262
84048
16843
85342
83246
57285
97695
90108
37431
46376
79513
72434
16816
61508
66404
18475
77249
17933
24146
84176
3558
84601
8092
20169
53300
19445
49657
86655
59653
27935
99856
9156
60709
62393
54847
23572
2851
90250
20551
8274
71307
10019
5517
95023
903
63512
41493
47959
69095
48370
49020
77160
16618
99940
94197
67774
12768
4158
11279
3783
91782
81410
28117
26928
86716
81587
73520
67018
18811
97025
33594
52715
95510
43969
61812
32978
33068
71902
7544
58488
87666
52071
52490
1608
8856
64538
28836
26690
76005
64948
42780
11318
62487
26813
23535
39159
79138
34862
7758
92544
80176
41620
31540
63175
3427
82466
25782
5629
93942
78343
61399
55559
87837
63343
47007
6375
34576
62547
32928
6776
76154
14329
90692
95586
55698
31851
75032
80955
77616
39512
92375
47799
19745
29696
76355
10211
91321
73120
62787
92169
52326
91750
10801
19565
59626
58729
46417
54434
86931
54834
57532
94750
84753
5647
71782
22828
81299
35330
22803
93963
32838
32874
87993
68111
95425
95737
78502
5660
21358
6520
64782
68081
27123
55380
57831
23540
44948
38652
83420
30833
73914
59327
569
38449
59203
6915
38941
48830
93912
34343
89567
67616
57547
3492
56214
48138
63063
21103
13609
34197
15018
80222
67664
67088
74486
19723
72553
15820
5847
90508
17291
68383
83492
624
6673
35497
26529
80551
86978
27692
96016
93337
72339
75976
18905
6898
60066
30845
16976
77034
23241
5438
54347
59224
35439
84112
76660
67863
35574
71858
33986
58332
2573
58821
14563
54830
2384
84484
95282
13611
50244
17043
88512
24680
74930
84643
6634
81199
34552
92124
74525
44560
71474
2231
74651
2004
806
6199
75121
58072
78552
52734
74603
99239
5004
68467
28554
66045
29146
42510
20731
52539
52537
57113
47645
14171
30531
3955
1025
934
73799
62416
44304
9512
57551
14931
73163
33596
99364
65121
25395
24702
58852
54913
97100
76648
4328
66084
24758
38987
55605
28903
70870
1958
52637
90416
95935
60532
97667
28140
42109
27764
66455
2805
49801
40939
86399
71356
79903
37904
8170
19515
32932
3073
10323
84934
77006
80087
15661
72795
10533
82034
4822
67008
59150
20039
7845
92359
3980
78462
25827
58413
53221
80768
7452
67067
21149
81614
90995
18323
20651
4336
44831
7811
6352
90206
67320
67706
14916
87016
76421
51558
83399
36390
97535
86409
38376
13366
39277
91743
68706
49402
32106
25314
14703
50890
44200
46448
67331
41604
55091
37341
2117
45908
91305
58896
63947
55457
28317
23624
73900
76042
84563
41039
20495
96086
31133
36585
69488
77605
27716
63944
39279
35955
65939
23664
56507
71114
97953
72427
59308
37736
83695
25896
93331
94734
89316
42365
49142
14577
54215
98789
26958
92822
86555
79922
7015
87876
76172
47268
61191
41417
57668
28527
59222
71585
58443
91346
26069
99188
97172
68276
54489
96309
99233
45217
86697
61996
60669
75558
72301
39768
82785
31593
73108
72714
55457
46743
68478
93643
83981
11937
63183
60385
89787
10092
60117
35509
25263
18062
46508
47943
31726
90644
62360
26123
53116
25725
79121
24707
47558
41218
63102
51683
37941
29044
27988
22369
61408
74709
85649
12871
12390
19655
33044
62959
90671
32172
33383
29699
18178
40334
54744
82788
32225
68047
93383
2918
31968
5371
30697
98408
1464
30690
36523
23701
59532
32700
20485
87288
87297
43306
24903
87415
76607
46863
58189
43062
91091
9021
45642
24090
31265
21599
24874
53565
5748
93202
39944
94935
94675
47514
94087
50431
93648
73353
69855
79961
52575
68417
58711
49911
81562
64641
41041
71164
90970
93902
3156
26642
7387
6279
55566
55310
29142
76841
73842
25376
46703
165
394
57465
4624
14923
60585
88779
58665
89653
6766
85471
29391
40550
59291
7159
49949
68145
40759
67180
49951
7008
13864
96519
57699
71283
7237
91470
573
80170
32144
99286
65686
94200
18974
79207
86734
4108
5728
23455
73162
50165
57630
97101
80739
3892
40491
75220
9043
40451
25275
32260
48708
81850
60036
93662
99143
77658
58995
20823
16702
91599
61637
18224
39820
20531
56709
15580
23869
89493
19239
56277
67670
98731
18341
56060
6008
10535
17661
70943
72809
85885
77683
68504
14251
49832
88412
16732
3330
39556
41925
74139
19788
85634
73214
68616
62106
84600
46607
42605
25048
41708
24998
63313
12175
34897
85437
54451
41730
39689
6728
4216
75002
14082
91035
11659
77265
74260
65450
28539
44097
57291
49669
5400
19328
62863
64041
71608
343
65702
54644
66909
16518
68134
55052
80600
77762
97345
93917
56117
69890
33547
28800
83305
32066
5281
54722
77273
26183
48411
79185
70994
10624
93165
89121
41021
93349
76711
70169
9139
29484
26904
3340
97462
4490
43726
28726
35648
53856
46056
60187
9297
19222
55252
92055
68860
25072
65660
88704
31182
26580
80957
77765
85555
70189
42839
54581
3761
94306
40584
5156
51632
90019
52887
38742
64407
23826
85164
35385
71559
6146
68903
77773
49607
48331
48775
38180
14954
19640
41422
5222
67127
1517
69577
52456
5207
25153
44337
65038
22749
87566
12670
26276
58003
79054
3970
45844
60061
42092
22241
96742
67394
91238
62707
36552
71590
23115
656
61413
71893
55531
90399
12786
18784
37756
98394
53061
321
96036
46922
39654
39113
7346
84407
91534
1691
21306
60891
15294
43821
98859
96629
65467
68938
71916
55366
27775
3949
40655
35206
25696
61134
34787
40316
95837
70124
84451
13201
88915
56641
53980
72082
22112
36377
96217
10709
80221
55678
7508
96764
98490
32371
56142
3215
55145
74620
19968
73604
1119
71883
59201
8683
28547
3423
32459
35398
74392
17001
19952
65024
4317
82552
50879
67107
45830
84850
70957
49267
32105
19156
5683
18535
53825
88030
61466
14823
90086
38700
99457
59108
84303
73869
52764
80152
1257
67644
58484
12578
45306
70733
77156
39331
38496
5883
45076
17304
55895
60831
81040
94919
1147
87698
98160
65516
33701
69104
94268
34618
70879
24369
82516
35496
9783
74470
17078
90085
43020
13112
37176
95964
8902
80842
58863
36526
97294
39440
92345
47419
64596
20153
10270
26885
62750
82219
9018
30724
42521
71006
3872
12969
33638
53984
68735
63229
52796
86065
44108
34991
22350
47514
99127
35872
26079
23917
79259
73946
26272
91040
84855
85983
97581
9170
77936
44408
31882
77338
11209
57270
68425
97686
23292
97185
61988
98329
95815
15615
44760
74964
71078
20895
23554
7654
27041
48918
13333
78151
9725
68813
41579
53747
83753
36840
89835
12977
23176
84637
11376
1632
49539
77281
90461
69529
79023
52974
69370
14970
37480
76568
67271
1473
61628
72416
37847
33532
46169
19300
13466
91722
38121
57060
8542
14653
74262
21757
89113
17793
34622
78256
6763
91415
11447
28260
47397
82890
99972
8869
59693
78397
83244
78634
96010
3473
15690
24190
25568
98129
30886
83233
90409
84433
96573
62694
89688
45138
14716
10183
34735
78147
18794
99897
85525
67423
44886
31491
3959
6778
505
59277
50165
88353
34582
1498
2659
99811
37597
82668
45162
75803
78568
53609
48502
60907
61681
85092
13784
2259
72806
85399
61521
35240
4186
2728
54484
89086
86609
62775
96086
74056
21776
93730
77432
62093
42158
98005
44120
31593
4228
36059
97585
61315
17984
56148
95273
44189
75153
35822
33228
58526
20851
87997
49193
63512
50159
61367
46609
68992
36735
17442
65952
62613
70404
83250
17041
34188
13470
59535
17173
25501
69140
60319
30382
18927
26570
17390
41553
47617
6078
37490
17627
31799
14594
90225
99354
54964
31442
91691
49464
52613
21671
45366
91065
22736
23077
54838
21408
39662
58647
98941
24215
43235
78306
49589
67891
61196
17069
44945
97458
93096
47647
36169
5621
26679
95088
98964
14301
68065
826
85062
58478
42546
12016
48806
17186
18805
51976
8588
57459
27947
86487
85454
26078
16165
64076
31183
92531
90747
53264
41040
19976
22594
31518
54309
83394
40587
27407
11427
17101
69949
9805
19226
66637
59392
31159
91306
57980
72895
60432
5733
83250
32366
74306
22615
14178
11802
81957
36298
73666
20073
37796
3828
62636
44536
6386
97043
63788
16979
12135
14163
89005
63701
10986
83816
17705
68945
73995
21034
78556
12763
92707
39097
69629
86303
48479
92035
14013
49702
89369
7880
53298
1110
93983
16390
74622
24781
63778
24110
8926
94768
61804
70094
6430
82864
76601
22587
63985
32452
80129
12927
79232
46217
39215
16662
73522
14727
27252
15629
83256
87233
59370
40931
23023
39967
47178
65719
9880
22424
43040
68623
28038
95957
34949
62583
213
99332
73709
20308
90599
90534
10999
19295
67550
64754
12275
4692
13708
93267
96729
49830
20197
50029
19464
5707
32263
44824
17133
22789
65601
11525
7376
14482
28176
33268
53686
47357
20086
94882
29695
23869
34406
77113
31255
86132
71576
12570
14933
49560
92042
92850
62968
10825
30151
38595
45167
72757
45980
30286
71078
44570
98653
54404
92056
61263
78081
30316
15552
64685
98606
80981
15652
38955
36335
5170
64464
96252
14506
14393
56454
74149
30040
63386
14891
61807
51022
58007
31468
3578
91191
54475
1394
84409
18340
89031
17301
67936
12732
33642
10487
13369
32677
75397
91665
6172
31130
10440
53993
99736
24664
44428
52247
48467
93084
3998
46992
43147
68138
41066
90827
29852
20688
20966
81570
25375
48022
50273
48355
63234
75517
78269
43123
79900
56199
6396
83403
34490
63496
12711
39745
34364
80312
26833
4213
56128
25945
3390
29650
13408
16552
33644
75152
68523
18089
66434
80046
79398
33575
31318
26931
81942
43060
18674
23417
84596
745
40002
44814
35469
2651
21701
66
26855
50126
20122
84334
77367
13462
38201
9180
9296
26148
63434
2499
84177
68500
57330
47178
97702
9632
95647
24651
51307
22614
55738
31593
99909
10530
9703
52393
1200
38821
13559
6998
41304
42036
65785
19836
60825
97938
59221
12961
5256
24200
360
1600
80968
96628
76776
46142
6029
26495
29967
50577
57666
26443
6147
908
75903
2002
17672
23492
89544
48284
71929
64036
10767
27033
19168
60207
23231
18048
10866
60521
30262
13598
74254
2596
51940
68904
14506
71865
30480
69429
24473
75691
54098
16487
18739
5525
38082
61399
8931
70661
56802
31078
74390
5051
11537
93102
75533
13150
26269
74073
99023
81120
42522
26878
74530
73467
2054
29219
78039
20584
63852
89245
77209
42503
86136
33496
95648
14465
83139
59949
22021
41571
34240
35727
27973
16119
1015
55944
81387
82625
46718
23767
98656
41705
41009
7262
839
12551
23467
14030
80166
81933
13600
183
95939
97845
22062
30703
61995
90598
86866
55714
5365
59822
49496
25935
31873
88274
85321
4302
31011
74442
34345
72105
34139
17750
82388
33040
38768
10193
17593
81284
46882
56335
2142
40491
75089
60398
70066
37749
93960
99688
6851
32743
34129
47493
61090
86782
80806
25748
38826
60262
72979
79644
71984
55287
5587
72140
98286
48311
65781
39840
83558
36452
71784
13517
55975
24039
79114
87878
76801
80565
93353
64065
10100
90090
51381
25799
36335
56523
44995
22751
28663
76416
3078
35661
82169
56532
91922
46778
60195
89125
21964
10942
59821
95332
19846
89260
13906
22958
71073
19937
50977
35251
40260
76593
58156
96998
89034
54502
8189
86951
83199
71542
8683
71540
93074
80505
95433
89961
44732
80990
62151
30197
12684
21997
58830
51624
15508
5488
85273
57895
61927
17952
46202
73134
51423
59874
44273
89763
88367
85073
59733
15725
24622
90322
54116
63822
54336
29586
5531
15664
35913
89355
62061
35147
67708
87948
29308
34798
87835
5890
68931
31506
99393
18366
79758
55913
92341
16039
23814
66406
8315
12350
90879
79670
52875
43314
93415
32370
51753
64578
12380
7688
5601
10614
60530
46880
76963
18979
6695
87205
66907
63292
71259
11834
99969
54902
60137
52223
87877
57175
53399
27263
12350
52343
24710
3778
77313
23990
48142
88864
96803
99825
21719
71704
88429
5431
77013
35435
54262
88537
81520
45021
62333
62416
17247
68797
65304
73404
39498
75482
1079
28685
19425
14114
92061
19473
18364
41459
79167
14937
21071
80666
92173
21916
996
68642
68218
40495
16218
18714
36601
72936
10108
60932
36778
7056
37404
7855
83547
77624
29239
34236
64227
67354
20174
71481
8757
13616
30446
57251
42079
52601
63739
52620
80929
60505
760
40599
45311
62198
62818
41793
90159
71625
18338
3492
58091
28009
34238
15200
93707
35709
81366
83102
36598
63298
46938
69238
62605
72537
9726
23582
96635
5415
28401
28444
18874
73850
21049
96003
19990
84071
20238
96914
21845
98118
87306
37650
59345
87617
56314
65166
95567
62823
56083
12415
51780
45977
41017
82415
15383
86384
37803
34433
61524
94683
8014
35382
67998
64459
63347
70222
99342
54613
99364
5498
58617
76547
91602
43292
86302
701
29626
63019
80288
46633
59267
2872
80392
96136
26648
86444
3179
71268
27332
5926
30731
92789
76748
65454
88489
94809
16912
81231
66681
26701
97923
94474
54746
2924
64891
91917
18021
74173
64059
6124
95870
23113
65599
5533
96506
5431
35136
54179
30491
95527
51946
92673
2258
38985
38347
37594
70606
50201
9224
71318
55514
76178
21649
26183
32238
75658
38002
40404
77388
81334
28272
6182
108
9147
83303
92301
80638
12570
43330
90081
61938
6768
12534
42342
5544
88369
51466
32855
89086
26527
34843
35724
80270
73578
63
31858
56705
75614
74047
52446
57818
6367
45806
75176
99579
15022
82942
7815
87937
81186
21345
72983
77937
36555
33766
3798
10129
84625
74447
30516
39057
84148
74783
65579
64595
59849
75641
42171
474
21806
45145
42649
30786
74575
84618
63670
36902
84854
47750
2495
74684
73659
91062
91783
80037
4578
17804
14965
85332
83714
319
95008
30850
43313
78455
57924
55312
4121
79524
88012
23295
16138
16028
64416
94718
25907
98988
64232
38275
85143
96594
10078
49588
36624
80313
99275
29045
70342
4730
5303
35338
26337
44263
94498
41541
63310
96066
45776
74373
80765
24921
50814
25069
80269
33502
31839
13937
46315
9702
39749
35573
63986
83443
17664
51530
50377
69991
6142
49273
2803
83430
25002
12138
30228
11031
91839
74261
92853
11038
58399
74449
46297
27264
7242
4519
17821
69839
46784
16727
40137
32448
80594
38221
9297
94048
88454
8796
79445
18784
20701
81318
64101
52344
28081
55003
11608
97196
94017
83748
27368
41642
63653
70176
18810
41578
43232
80729
28464
87472
10219
2111
79947
77927
52330
60913
29014
23731
39486
93846
58785
94837
94836
60283
63727
76999
56133
77954
51088
56861
37869
73514
81621
65015
8595
56827
83415
28648
84417
55725
87521
36663
55464
18127
49749
10159
46870
68518
32284
23781
22230
40012
7383
20756
42740
40668
55749
3108
23101
68767
57461
63889
27366
24630
47256
5954
25154
11138
42744
75032
8164
28883
1830
61767
96563
91675
11026
67321
14966
83519
88427
47865
98454
80946
78768
89774
66970
31532
3122
19985
83929
1800
49729
6670
18246
842
74162
88309
99073
21281
20751
50478
19703
43721
56411
24586
95795
23634
30873
91332
27941
40993
99422
73751
88118
82922
74438
69952
90590
62239
2153
86058
98101
73853
67165
58470
25916
49703
83904
68998
60627
92190
26648
62260
118
52953
73418
52772
31686
22648
68038
25001
80833
94689
60185
2050
98554
85045
65280
70324
60433
62225
68632
85508
86026
636
4633
45368
17050
59284
14571
29189
27714
69740
47679
83748
13916
71399
53890
6517
64283
97404
92413
30214
52925
84678
55836
5612
80639
62341
8738
92816
20797
711
46383
10411
401
11152
6452
67706
46147
37316
39033
76283
3068
29280
29705
34802
69190
21216
73564
93886
2781
29502
91555
32092
12487
74741
72454
86800
84280
23549
13796
11800
52810
84854
45378
33679
6451
98928
75597
9810
2987
51881
7577
86706
12960
54293
80335
69130
40249
66069
14864
15884
66293
260
34409
46796
59409
90215
81564
40976
8303
23918
88595
78101
83745
65305
18796
14182
74865
40174
49496
54936
98318
48233
59062
44946
29228
23935
99561
54743
53145
35452
49930
11497
35747
25193
16124
95342
68968
86026
40371
37778
41765
59688
57523
55346
38567
60084
97842
13928
87579
26804
82619
61117
26755
68354
81353
89481
40850
53048
30910
19308
70322
89418
77720
4782
54148
68846
84109
13035
96055
28552
71544
14527
18419
74132
16184
93321
61341
60906
78459
68072
66246
80662
96098
15235
28170
71950
11731
21745
6529
34132
56601
59400
42255
5197
23994
79356
52094
53223
80231
55402
60961
93735
95384
56015
88614
69494
87194
87061
17850
81617
65027
8176
64250
84741
45044
70289
80198
76945
94142
99126
47128
77834
36750
53783
29470
94779
97825
3608
42200
72597
49791
98302
88910
54928
28524
60344
60480
16546
83553
20634
33659
87053
85388
70467
63915
75735
71200
15305
81736
49453
79024
56255
65170
54420
83416
85230
90572
89958
4873
75946
65413
93425
93465
73833
65552
88206
42421
38283
22961
85085
45100
11551
90670
46057
51456
96774
5154
26629
9104
46302
56496
79655
63249
20202
6787
6368
24333
77013
24751
33485
83257
64281
64606
58388
42123
84734
55354
65908
50470
78498
32763
88926
20077
74929
63065
41536
92449
84388
33842
8968
52595
44263
58463
16846
65143
49901
99525
73103
59343
18749
54214
1352
30179
320
40340
39995
84559
44888
70729
27215
62892
55169
30212
1630
66681
46625
40242
70316
22827
16773
13633
60740
29884
72844
5699
75502
92773
22806
18127
30250
2843
66980
79956
13842
60903
24304
91986
8469
53137
76962
7828
67209
94792
16913
10986
30301
21162
35526
45055
56692
24554
77638
40058
74067
17153
31135
30283
41379
66636
10915
97139
26260
88459
3482
99897
59665
39453
59297
74267
83728
67289
17000
44139
58361
3312
35510
73404
100
88871
51331
61327
18123
35499
23447
99502
20597
52949
81033
28185
41776
38409
92900
95412
42459
10642
95471
82337
78153
35184
20209
34643
99129
12170
48233
11707
74304
64291
32034
83484
89071
10754
35538
11576
78105
86847
39001
2455
31129
32677
16985
8938
91641
88029
1632
48884
63369
60871
40189
10858
3884
64399
76625
5946
34946
54196
16759
37111
967
1545
68562
72522
58359
35217
68479
88008
18725
11656
18858
53465
35582
18697
75844
84127
69286
45399
61180
94262
61647
59853
29556
23943
66525
40342
35781
32176
5276
53197
80789
8552
76521
13312
99861
82022
15997
82815
29594
35380
29828
30799
72803
14631
24894
36158
55562
55175
9990
89140
32194
47437
13281
72000
99921
76779
35664
23760
79208
8365
1101
40186
49962
88837
96679
31519
66556
42569
79927
16877
30378
64337
62425
76174
5327
54430
86006
92704
80700
87674
5489
88710
26689
40617
11715
55236
46887
9762
28280
78217
79563
28551
6255
10779
85800
79316
95270
12493
83724
26621
18145
37426
61658
93586
28953
23569
2441
85105
45078
66230
20454
41933
61191
54068
26126
18421
10569
16934
24409
69568
526
9308
26125
66294
88148
66225
61136
72296
63505
34497
73577
72222
71923
66841
45398
13171
50353
39784
80758
17152
52388
20254
44159
430
62468
67326
10346
61364
55429
16756
73339
70395
17116
72251
46266
34102
20346
65042
65298
30171
48686
27822
89241
29756
3011
89351
35785
2766
61820
83526
79106
91501
67507
14622
70923
65357
78549
25417
15732
50026
94614
98880
34104
83075
43985
26048
19607
92244
55629
32731
70652
93360
45700
65590
20550
4930
54996
96326
95414
80163
14111
54046
73594
80770
28682
76377
91913
15153
39652
23877
68415
59535
55176
6352
59377
12293
5011
96080
79847
69651
18258
18017
72597
98878
14590
28976
79207
94492
93455
90199
6438
98838
83772
23426
12220
12298
79631
27627
14026
74635
93022
59387
48006
14411
85736
53155
42156
88874
70114
83005
70173
27098
64072
9641
74258
37309
75204
11511
28955
16637
89259
33496
51324
95612
84483
42212
99439
19125
26245
17721
65781
82122
95563
87262
40228
76147
8220
59585
62320
31566
69179
87484
54295
81063
60321
37344
23930
36997
94192
65019
11415
68213
7576
37272
50647
36350
54444
8719
13380
61855
38814
84296
38569
18659
76922
54058
54096
73482
91980
28312
44128
45690
96461
86827
7196
88683
50555
9878
95092
21580
34317
92692
84067
36690
47987
85668
9773
22158
20728
60479
48800
81594
76659
62959
58272
43950
22064
99929
4050
18487
59776
83132
22206
48645
74399
76808
96506
4642
64634
38176
33687
30702
61237
55319
66082
36663
48330
9246
16977
61383
49557
13410
52101
86507
58208
77567
42510
60464
77604
64606
61706
73456
39319
84224
57168
57827
79870
20817
65944
60819
3631
76373
28118
82701
33110
18766
84441
43131
99715
61233
10028
16512
68054
513
82809
91845
88557
69415
78169
50292
43406
58569
68286
92505
50383
24668
66011
19618
76229
3331
67568
35759
87449
85477
52307
17853
10024
66997
97033
84356
9115
74313
45525
9608
97493
88184
46405
38375
93507
38274
27343
18297
81266
89433
30155
90549
55672
67351
24751
5254
46775
9645
46955
74758
32831
79674
91277
72252
32582
88740
8482
96712
57860
99544
19076
68035
39240
96914
42253
9854
47724
86314
48187
9284
47351
87197
14486
94316
36550
37700
91990
22733
21056
91115
9391
90362
63205
61126
85808
10188
75154
99016
10796
41572
51591
85232
18063
46304
32221
31852
28727
16685
93400
97551
26924
28130
80452
21341
3761
41970
20775
56479
19395
51308
70816
58779
4280
81654
49516
1294
2892
65457
31944
46770
22566
21077
76641
37272
83387
47297
21642
2493
20015
3887
19419
82481
72789
19578
58142
33475
1520
31887
85216
10122
44802
6569
51971
17493
23245
61568
83166
55014
98667
72212
86610
55741
33961
82587
71543
90053
82544
22527
14656
83441
53530
92023
58206
56138
98387
35391
17831
52993
90534
28917
78289
12499
35873
39803
11693
12662
14561
28473
83482
91540
2606
23007
74432
96700
38102
44890
39127
74334
88550
29122
46929
37740
16975
85469
91930
66837
8431
98398
20651
6312
24731
54109
52750
81239
73614
31408
8893
83389
16000
71733
37774
83151
55579
84161
76863
82171
85900
37912
76045
15254
4853
18219
77315
26330
66647
77141
27711
96968
57425
42134
82439
91716
50842
55933
70494
3102
97512
34314
79013
59892
34454
59437
65784
36771
73502
90051
18419
50242
85902
83312
26452
19382
73619
23307
49643
60928
34456
4183
68374
63792
25560
10421
95433
76569
35411
23500
27651
94343
69225
19855
59501
65244
76474
49026
92221
39546
89311
69622
87363
83535
16581
42822
48904
63726
8068
10832
65551
15070
50054
26914
35871
69155
18772
4642
97372
22547
96258
23157
84531
8154
2125
31156
55198
49982
79796
94556
64153
33978
51553
80410
95988
23195
19587
69191
18647
41146
62745
94811
86004
43138
94514
51263
81982
61133
8071
87
30217
37915
55746
82239
60955
86443
50315
3721
11749
57075
8525
30349
53381
38164
71850
42584
51443
96952
12597
67241
26882
91558
67225
71427
22421
13866
71641
69379
61233
20628
51513
42487
9402
73541
30415
65136
21434
59715
48044
51249
50636
55528
2762
78485
7705
42101
49518
43620
2071
57154
50928
4219
6141
87866
36036
40805
76269
90578
28855
50170
93167
61880
90713
26935
13628
78306
64211
78396
91944
29595
42424
74770
41419
95457
89108
41397
51281
35124
73147
79942
86198
76590
75281
95405
36421
2458
27149
9003
26790
91585
55714
17410
79888
65216
9189
50042
82886
69006
75166
33300
29816
36918
25165
21026
61391
81142
34594
22049
77384
91330
39534
14261
83760
84999
46554
52974
1199
8504
60050
84763
55835
22955
3212
85338
47775
98335
63506
54920
41451
18904
29946
10584
29331
90002
3690
25165
88422
86812
37050
90113
10047
27255
40344
44260
6786
70550
2651
66110
92917
49753
57917
38778
94215
80042
63200
70136
19198
13595
24182
40048
74478
7290
93499
27252
82670
52462
78618
23335
21087
41254
52372
36967
76185
13585
37375
58326
27654
98122
77413
15212
36999
84063
3958
51780
32193
54671
51400
30133
34999
72697
724
69680
50895
16694
64711
52610
43198
27232
13811
34859
85039
24046
35460
28771
26237
35332
16508
54880
21373
88963
17282
98589
56167
88424
86882
22549
54503
25056
70255
61957
75143
60671
83815
25740
60428
24376
84504
10179
48920
6383
14928
33331
60068
45169
6160
99688
93991
30962
83181
17463
11129
5909
11874
65576
84152
74135
40546
41423
87476
71618
47040
48329
95166
82596
90842
98304
58197
60720
98547
88162
40479
24703
58589
81812
73677
63215
10468
93296
29259
95742
56623
20800
50472
52270
46247
89238
72363
97341
79650
12080
11765
12982
15299
75755
84047
7254
99646
72425
21918
1712
11346
5891
94468
76022
83201
56206
80021
62275
55119
35477
17814
66897
47407
47153
6750
83041
89977
34429
280
62632
61566
81067
62447
55080
66273
67312
32312
96587
64864
40813
51075
52632
21058
43553
87178
48147
7736
90775
35333
65099
45257
88367
64570
12764
49688
2295
57884
68225
69779
38357
68918
22995
69698
38638
29806
34327
71230
42161
22923
11333
65004
14030
93196
28631
91069
23703
